# oST version 5.0 parameters


[image]

width
640

height
480

[narrow_stereo]

camera matrix
601.845772 0.000000 330.108981
0.000000 600.831409 224.019029
0.000000 0.000000 1.000000

distortion
-0.404003 0.169720 -0.004364 -0.001185 0.000000

rectification
1.000000 0.000000 0.000000
0.000000 1.000000 0.000000
0.000000 0.000000 1.000000

projection
525.280273 0.000000 332.186638 0.000000
0.000000 558.127991 219.862355 0.000000
0.000000 0.000000 1.000000 0.000000

