cut_start_angle : 3.141519
cut_end_angle : -3.141519